0,481
22594,0
0,477
22595,1
0,446
22595,3
0,443
22595,0
0,440
22560,1
0,439
22560,3
0,437
22560,0
0,432
0,426
23413,6
23413,5
23412,6
0,424
23413,4
23412,5
0,422
0,420
23412,4
22580,5
2,66
0,416
2,67
2,64
0,415
0,409
1,1
1,4
1,5
0,408
1,3
0,406
1,0
0,404
4,1
0,403
4,3
0,398
4,0
0,395
0,393
23413,1
0,389
23413,3
0,388
23413,0
0,387
22592,1
0,384
0,370
22592,3
0,368
0,511
0,367
0,365
22592,0
0,363
22580,1
0,362
0,361
0,360
0,359
22580,3
0,354
0,374
0,509
0,352
22580,0
0,351
0,390
0,501
0,349
0,348
23412,1
23412,3
0,375
0,341
0,337
0,502
0,333
23412,0
0,328
2,1
2,91
0,327
2,3
0,322
0,320
0,319
2,0
0,243
0,9
0,310
0,305
0,314
0,309
0,306
0,380
0,378
0,316
0,312
0,475
0,478
0,308
0,321
0,304
0,338
0,303
0,302
0,307
0,357
0,12
0,385
0,10
0,311
0,8
0,0
0,427
0,300
0,425
0,299
0,377
0,298
0,347
0,297
0,330
0,296
0,442
0,295
0,476
0,294
0,429
0,293
0,473
0,292
0,344
0,291
0,315
0,290
0,339
0,289
0,486
0,288
0,468
0,287
0,329
0,286
0,401
0,285
0,456
0,284
0,313
0,283
0,497
0,282
0,445
0,281
0,496
0,280
0,301
0,279
0,373
0,278
0,472
0,277
0,372
0,276
22594,3
0,487
0,489
22577,0
0,493
22577,1
0,495
0,498
22555,1
22551,0
0,500
0,503
0,505
0,508
1,2
2,2
2,4
22560,4
2,12
22560,5
2,15
22560,6
2,19
2,24
2,25
22560,8
2,35
2,36
2,41
2,44
2,68
2,70
2,71
2,73
2,74
2,76
2,78
2,79
2,81
2,82
2,84
2,85
2,87
2,89
2,90
2,93
2,94
2,96
2,98
2,99
2,101
2,102
2,104
2,106
2,107
2,109
2,110
2,112
2,113
2,115
2,117
2,118
2,120
2,121
2,123
2,125
2,126
3,0
3,1
3,3
3,4
3,6
2292,1
2292,3
2303,1
2303,3
2322,1
2329,0
2329,1
2359,0
2359,1
2364,0
2364,1
2373,0
2373,3
2389,0
2389,3
2400,0
2400,3
2401,1
2401,3
2403,1
2403,3
2405,1
2408,0
2408,1
2410,0
2410,1
2411,0
2411,1
2412,0
2412,3
2413,0
2413,3
2415,0
2415,3
2417,1
2417,3
2419,1
2419,3
2422,1
2422,3
2423,1
2428,0
2428,1
2429,0
2429,1
2431,0
2431,3
2436,0
2436,3
2438,0
2438,3
2445,0
2445,3
2451,1
2451,3
2452,1
2452,3
2453,1
2459,0
2459,1
2462,0
2462,1
2467,0
2467,1
2469,0
2469,3
2471,0
2471,3
2472,0
2472,3
2473,1
2473,3
2475,1
2475,3
2476,1
2479,0
2479,1
2480,0
2480,1
2482,0
2482,1
2484,0
2484,3
2485,0
2485,3
12305,0
12305,3
12335,1
12335,3
12342,1
12342,3
12372,1
12372,3
12424,1
12426,0
12426,1
12436,0
12436,1
12444,0
12444,3
12458,0
12458,3
12464,0
12464,3
12465,0
12465,3
12466,1
12466,3
12472,1
12472,3
12475,1
12480,0
12480,1
12482,0
12482,1
12485,0
12485,3
12486,0
12486,3
12488,0
12488,3
12503,0
12503,3
12510,1
12510,3
12511,1
12511,3
12516,1
12519,0
12519,1
12522,0
12522,1
12553,0
12553,1
12559,0
12559,3
12579,0
12579,3
12583,0
12583,3
12585,1
12585,3
12587,1
12587,3
12589,1
12589,3
12590,1
12595,0
12595,1
12596,0
12596,1
12600,0
12600,3
12601,0
12601,3
12602,0
12602,3
12603,0
12603,3
12604,1
12604,3
12605,1
12605,3
12606,1
12607,0
12607,1
12608,0
12608,1
12610,0
12610,3
12612,0
12612,3
12613,0
12613,3
12614,0
12614,3
12615,1
12615,3
12617,1
12617,3
12622,1
12623,0
12623,1
12653,0
12653,1
12660,0
12660,1
12690,0
12690,3
12742,0
12742,3
12744,0
12744,3
12754,1
12754,3
12762,1
12762,3
12776,1
12776,3
12782,1
12783,0
12783,1
12784,0
12784,1
12790,0
12790,3
12793,0
12793,3
12798,0
12798,3
12800,1
12800,3
12803,1
12803,3
12804,1
12804,3
12806,1
12821,0
12821,1
12828,0
12828,1
12829,0
12829,3
12834,0
12834,3
12837,0
12837,3
12840,0
12840,3
12871,1
12871,3
12877,1
12877,3
12897,1
12901,0
12901,1
12903,0
12903,1
12905,0
12905,1
12907,0
12907,3
12908,0
12908,3
12913,0
12913,3
12914,1
12914,3
12918,1
12918,3
12919,1
12920,0
12920,1
12921,0
12921,1
12922,0
12922,1
12923,0
12923,3
12924,0
12924,3
12925,0
12925,3
12926,1
12926,3
12928,1
12928,3
12930,1
12930,3
12931,1
12932,0
12932,1
12933,0
12933,1
12935,0
12935,3
12940,0
12940,3
22202,0
22202,3
22232,0
22232,3
22239,1
22239,3
22269,1
22269,3
22323,1
22355,0
22355,1
22369,0
22369,1
22372,0
22372,1
22377,0
22377,3
22379,0
22379,3
22382,0
22382,3
22383,1
22383,3
22407,1
22407,3
22408,1
22413,0
22413,1
22419,0
22419,1
22456,0
22456,1
22480,0
22480,3
22482,0
22482,3
22484,0
22484,3
22486,1
22486,3
22487,1
22487,3
22493,1
22493,3
22499,1
22501,0
22501,1
22504,0
22504,1
22509,0
22509,3
22511,0
22511,3
22514,0
22514,3
22519,0
22519,3
22523,1
22523,3
22525,1
22525,3
22526,1
22530,0
22530,1
22539,0
22539,1
22541,0
22541,3
22544,0
22544,3
22545,0
22545,3
22546,0
22546,3
22547,1
22547,3
22557,1
22557,3
22578,0
22578,3
22580,2
22583,1
22583,3
22584,1
22584,3
22585,1
22585,4
22585,5
22586,1
22586,3
22589,1
22590,0
22590,1
22592,5
22592,6
22595,4
23000,0
23037,0
23121,0
23153,0
23170,0
23175,0
23180,0
23205,0
23206,0
23217,0
23254,0
23280,0
23282,0
23285,0
23291,0
23297,0
23299,0
23300,0
23303,0
23309,0
23312,0
23321,0
23323,0
23328,0
23339,0
23341,0
23343,0
23344,0
23349,0
23353,0
23358,0
23376,0
23378,0
23382,0
23383,0
23387,0
23389,0
23390,0
23392,0
23393,0
23401,1
23401,2
23401,4
23401,6
23401,7
23404,1
23404,2
23404,4
23404,6
23404,7
23407,1
23407,2
23407,4
23407,5
23407,7
23408,1
23408,2
23408,4
23408,5
23411,1
23411,3
23411,4
23411,6
23411,7
23413,2
23412,2
23411,5
23411,2
23411,0
23408,3
23408,0
23407,6
23407,3
23407,0
23404,5
23404,3
23404,0
23401,5
23401,3
23401,0
23391,0
23388,0
23384,0
23381,0
23375,0
23355,0
23345,0
23342,0
23337,0
23324,0
23317,0
23307,0
23302,0
23298,0
23290,0
23284,0
23278,0
23211,0
23181,0
23177,0
23167,0
23067,0
23030,0
22594,7
22590,3
22589,3
22589,0
22586,0
22585,3
22585,0
22584,0
22583,0
22578,1
22560,2
22557,0
22547,0
22546,1
22545,1
22544,1
22541,1
22539,3
22530,3
22526,3
22526,0
22525,0
22523,0
22519,1
22514,1
22511,1
22509,1
22504,3
22501,3
22499,3
22499,0
22493,0
22487,0
22486,0
22484,1
22482,1
22480,1
22456,3
22419,3
22413,3
22408,3
22408,0
22407,0
22383,0
22382,1
22379,1
22377,1
22372,3
22369,3
22355,3
22323,3
22323,0
22269,0
22239,0
22232,1
22202,1
12940,1
12935,1
12933,3
12932,3
12931,3
12931,0
12930,0
12928,0
12926,0
12925,1
12924,1
12923,1
12922,3
12921,3
12920,3
12919,3
12919,0
12918,0
12914,0
12913,1
12908,1
12907,1
12905,3
12903,3
12901,3
12897,3
12897,0
12877,0
12871,0
12840,1
12837,1
12834,1
12829,1
12828,3
12821,3
12806,3
12806,0
12804,0
12803,0
12800,0
12798,1
12793,1
12790,1
12784,3
12783,3
12782,3
12782,0
12776,0
12762,0
12754,0
12744,1
12742,1
12690,1
12660,3
12653,3
12623,3
12622,3
12622,0
12617,0
12615,0
12614,1
12613,1
12612,1
12610,1
12608,3
12607,3
12606,3
12606,0
12605,0
12604,0
12603,1
12602,1
12601,1
12600,1
12596,3
12595,3
12590,3
12590,0
12589,0
12587,0
12585,0
12583,1
12579,1
12559,1
12553,3
12522,3
12519,3
12516,3
12516,0
12511,0
12510,0
12503,1
12488,1
12486,1
12485,1
12482,3
12480,3
12475,3
12475,0
12472,0
12466,0
12465,1
12464,1
12458,1
12444,1
12436,3
12426,3
12424,3
12424,0
12372,0
12342,0
12335,0
12305,1
2485,1
2484,1
2482,3
2480,3
2479,3
2476,3
2476,0
2475,0
2473,0
2472,1
2471,1
2469,1
2467,3
2462,3
2459,3
2453,3
2453,0
2452,0
2451,0
2445,1
2438,1
2436,1
2431,1
2429,3
2428,3
2423,3
2423,0
2422,0
2419,0
2417,0
2415,1
2413,1
2412,1
2411,3
2410,3
2408,3
2405,3
2405,0
2403,0
2401,0
2400,1
2389,1
2373,1
2364,3
2359,3
2329,3
2322,3
2322,0
2303,0
2292,0
3,5
3,2
2,127
2,124
2,122
2,119
2,116
2,114
2,111
2,108
2,105
2,103
2,100
2,97
2,95
2,92
2,88
2,86
2,83
2,80
2,77
2,75
2,72
2,69
2,65
2,37
2,26
22560,7
2,21
2,17
2,14
2,5
22551,1
0,510
0,504
22551,3
0,499
22555,3
22555,0
22577,3
22594,1
0,324
0,275
0,460
0,274
0,371
0,273
0,441
0,272
0,410
0,271
0,494
0,270
0,423
0,269
0,448
0,268
0,492
0,267
0,470
0,266
0,419
0,265
0,326
0,264
0,428
0,263
0,421
0,262
0,405
0,261
0,452
0,260
0,451
0,259
0,469
0,258
0,507
0,257
0,325
0,256
0,449
0,255
0,396
0,254
0,450
0,253
0,467
0,252
0,506
0,251
0,418
0,250
0,417
0,249
0,366
0,248
0,323
0,247
0,438
0,246
0,447
0,245
0,343
0,244
0,318
0,242
0,356
0,241
0,436
0,240
0,414
0,239
0,491
0,238
0,484
0,237
0,466
0,236
0,402
0,235
0,342
0,234
0,483
0,233
0,340
0,232
0,400
0,231
0,230
0,394
0,229
0,490
0,228
0,364
0,227
0,391
0,226
0,336
0,225
0,399
0,224
0,412
0,223
0,222
0,317
0,221
0,435
0,220
0,459
0,219
0,458
0,218
0,461
0,217
0,216
0,482
0,215
0,358
0,214
0,480
0,213
0,457
0,212
0,434
0,211
0,479
0,210
0,392
0,209
0,433
0,208
0,462
0,207
0,355
0,206
0,205
0,353
0,204
0,463
0,203
0,202
0,411
0,201
0,444
0,200
0,386
0,199
0,407
0,198
0,335
0,197
0,350
0,196
0,465
0,195
0,488
0,194
0,382
0,193
0,383
0,192
0,63
0,376
0,62
0,346
0,61
0,454
0,60
0,332
0,59
0,485
0,58
0,413
0,57
0,431
0,56
0,345
0,55
0,381
0,54
0,331
0,53
0,474
0,52
0,430
0,51
0,455
0,50
0,379
0,49
0,464
0,48
0,334
0,47
0,397
0,46
0,453
0,45
0,471
0,6
0,5
0,1
0,369
0,11
0,4
0,2
0,3
0,7
